MY_ACCOUNT_ID = 0.0.2672233
MY_PRIVATE_KEY = 0x63179263b06dee0e68be973a5eb53e5a3e4eaed7f359a1ec40ad133e0fb4c912
MY_PUBLIC_KEY = 302a300506032b657003210055d7a769d088a23a13b5b325c2303437e21cd712401fba64c652813a3c38137b

OTHER_ACCOUNT_ID = 0.0.2672189
OTHER_PRIVATE_KEY = 0x34a9c8dc8c7656d376d9c79943a2445eeb1a6be8cc9852ff3e09b20de501e83b
OTHER_PUBLIC_KEY = 302a300506032b6570032100af654fd478bc7457b769e1362bc763d0e404b5f8e9585b8b7c5efa1a55119fc8


FILE_ID = 0.0.2947828
